394
409
424
436
448
460
472
484
493
502
511
521
530
540
549
559
568
578
587
597
606
616
625
635
644
654
663
673
682
692
701
711
720
730
739
749
758
768
777
787
796
806
815
825
834
844
853
863
872
882
891
901
910
920
929
939
948
958
967
977
986
996
1005
1015
1024
1034
1043
1053
1062
1072
1081
1091
1100
1110
1119
1129
1138
1148
1157
1167
1176
1186
1195
1205
1214
1224
1234
1244
1254
1264
1274
1284
1294
1304
1314
1324
1339
1354