392
407
422
434
446
458
470
482
491
500
509
519
528
538
547
557
566
576
585
595
604
614
623
633
642
652
661
671
680
690
699
709
718
728
737
747
756
766
775
785
794
804
813
823
832
842
851
861
870
880
889
899
908
918
927
937
946
956
965
975
984
994
1003
1013
1022
1032
1041
1051
1060
1070
1079
1089
1098
1108
1117
1127
1136
1146
1155
1165
1174
1184
1193
1203
1212
1222
1232
1242
1252
1262
1272
1282
1292
1302
1312
1322
1337
1352