386
401
416
428
440
452
464
476
485
494
503
513
522
532
541
551
560
570
579
589
598
608
617
627
636
646
655
665
674
684
693
703
712
722
731
741
750
760
769
779
788
798
807
817
826
836
845
855
864
874
883
893
902
912
921
931
940
950
959
969
978
988
997
1007
1016
1026
1035
1045
1054
1064
1073
1083
1092
1102
1111
1121
1130
1140
1149
1159
1168
1178
1187
1197
1206
1216
1226
1236
1246
1256
1266
1276
1286
1296
1306
1316
1331
1346