383
398
413
425
437
449
461
473
482
491
500
510
519
529
538
548
557
567
576
586
595
605
614
624
633
643
652
662
671
681
690
700
709
719
728
738
747
757
766
776
785
795
804
814
823
833
842
852
861
871
880
890
899
909
918
928
937
947
956
966
975
985
994
1004
1013
1023
1032
1042
1051
1061
1070
1080
1089
1099
1108
1118
1127
1137
1146
1156
1165
1175
1184
1194
1203
1213
1223
1233
1243
1253
1263
1273
1283
1293
1303
1313
1328
1343