376
391
406
418
430
442
454
466
475
484
493
503
512
522
531
541
550
560
569
579
588
598
607
617
626
636
645
655
664
674
683
693
702
712
721
731
740
750
759
769
778
788
797
807
816
826
835
845
854
864
873
883
892
902
911
921
930
940
949
959
968
978
987
997
1006
1016
1025
1035
1044
1054
1063
1073
1082
1092
1101
1111
1120
1130
1139
1149
1158
1168
1177
1187
1196
1206
1216
1226
1236
1246
1256
1266
1276
1286
1296
1306
1321
1336