371
386
401
413
425
437
449
461
470
479
488
498
507
517
526
536
545
555
564
574
583
593
602
612
621
631
640
650
659
669
678
688
697
707
716
726
735
745
754
764
773
783
792
802
811
821
830
840
849
859
868
878
887
897
906
916
925
935
944
954
963
973
982
992
1001
1011
1020
1030
1039
1049
1058
1068
1077
1087
1096
1106
1115
1125
1134
1144
1153
1163
1172
1182
1191
1201
1211
1221
1231
1241
1251
1261
1271
1281
1291
1301
1316
1331