416
431
446
458
470
482
494
506
515
524
533
543
552
562
571
581
590
600
609
619
628
638
647
657
666
676
685
695
704
714
723
733
742
752
761
771
780
790
799
809
818
828
837
847
856
866
875
885
894
904
913
923
932
942
951
961
970
980
989
999
1008
1018
1027
1037
1046
1056
1065
1075
1084
1094
1103
1113
1122
1132
1141
1151
1160
1170
1179
1189
1198
1208
1217
1227
1236
1246
1256
1266
1276
1286
1296
1306
1316
1326
1336
1346
1361
1376