369
384
399
411
423
435
447
459
468
477
486
496
505
515
524
534
543
553
562
572
581
591
600
610
619
629
638
648
657
667
676
686
695
705
714
724
733
743
752
762
771
781
790
800
809
819
828
838
847
857
866
876
885
895
904
914
923
933
942
952
961
971
980
990
999
1009
1018
1028
1037
1047
1056
1066
1075
1085
1094
1104
1113
1123
1132
1142
1151
1161
1170
1180
1189
1199
1209
1219
1229
1239
1249
1259
1269
1279
1289
1299
1314
1329