367
382
397
409
421
433
445
457
466
475
484
494
503
513
522
532
541
551
560
570
579
589
598
608
617
627
636
646
655
665
674
684
693
703
712
722
731
741
750
760
769
779
788
798
807
817
826
836
845
855
864
874
883
893
902
912
921
931
940
950
959
969
978
988
997
1007
1016
1026
1035
1045
1054
1064
1073
1083
1092
1102
1111
1121
1130
1140
1149
1159
1168
1178
1187
1197
1207
1217
1227
1237
1247
1257
1267
1277
1287
1297
1312
1327