365
380
395
407
419
431
443
455
464
473
482
492
501
511
520
530
539
549
558
568
577
587
596
606
615
625
634
644
653
663
672
682
691
701
710
720
729
739
748
758
767
777
786
796
805
815
824
834
843
853
862
872
881
891
900
910
919
929
938
948
957
967
976
986
995
1005
1014
1024
1033
1043
1052
1062
1071
1081
1090
1100
1109
1119
1128
1138
1147
1157
1166
1176
1185
1195
1205
1215
1225
1235
1245
1255
1265
1275
1285
1295
1310
1325