361
376
391
403
415
427
439
451
460
469
478
488
497
507
516
526
535
545
554
564
573
583
592
602
611
621
630
640
649
659
668
678
687
697
706
716
725
735
744
754
763
773
782
792
801
811
820
830
839
849
858
868
877
887
896
906
915
925
934
944
953
963
972
982
991
1001
1010
1020
1029
1039
1048
1058
1067
1077
1086
1096
1105
1115
1124
1134
1143
1153
1162
1172
1181
1191
1201
1211
1221
1231
1241
1251
1261
1271
1281
1291
1306
1321