410
425
440
452
464
476
488
500
509
518
527
537
546
556
565
575
584
594
603
613
622
632
641
651
660
670
679
689
698
708
717
727
736
746
755
765
774
784
793
803
812
822
831
841
850
860
869
879
888
898
907
917
926
936
945
955
964
974
983
993
1002
1012
1021
1031
1040
1050
1059
1069
1078
1088
1097
1107
1116
1126
1135
1145
1154
1164
1173
1183
1192
1202
1211
1221
1230
1240
1250
1260
1270
1280
1290
1300
1310
1320
1330
1340
1355
1370