406
421
436
448
460
472
484
496
505
514
523
533
542
552
561
571
580
590
599
609
618
628
637
647
656
666
675
685
694
704
713
723
732
742
751
761
770
780
789
799
808
818
827
837
846
856
865
875
884
894
903
913
922
932
941
951
960
970
979
989
998
1008
1017
1027
1036
1046
1055
1065
1074
1084
1093
1103
1112
1122
1131
1141
1150
1160
1169
1179
1188
1198
1207
1217
1226
1236
1246
1256
1266
1276
1286
1296
1306
1316
1326
1336
1351
1366