404
419
434
446
458
470
482
494
503
512
521
531
540
550
559
569
578
588
597
607
616
626
635
645
654
664
673
683
692
702
711
721
730
740
749
759
768
778
787
797
806
816
825
835
844
854
863
873
882
892
901
911
920
930
939
949
958
968
977
987
996
1006
1015
1025
1034
1044
1053
1063
1072
1082
1091
1101
1110
1120
1129
1139
1148
1158
1167
1177
1186
1196
1205
1215
1224
1234
1244
1254
1264
1274
1284
1294
1304
1314
1324
1334
1349
1364