401
416
431
443
455
467
479
491
500
509
518
528
537
547
556
566
575
585
594
604
613
623
632
642
651
661
670
680
689
699
708
718
727
737
746
756
765
775
784
794
803
813
822
832
841
851
860
870
879
889
898
908
917
927
936
946
955
965
974
984
993
1003
1012
1022
1031
1041
1050
1060
1069
1079
1088
1098
1107
1117
1126
1136
1145
1155
1164
1174
1183
1193
1202
1212
1221
1231
1241
1251
1261
1271
1281
1291
1301
1311
1321
1331
1346
1361