340
350
360
370
380
390
399
408
417
426
435
444
453
462
471
480
489
498
507
516
525
534
543
552
561
570
579
588
597
606
615
624
633
642
651
660
669
678
687
696
705
714
723
732
741
750
759
768
777
786
795
804
813
822
831
840
849
858
867
876
885
894
903
912
921
930
939
948
957
966
975
984
993
1002
1011
1020
1029
1038
1047
1056
1065
1074
1083
1092
1101
1110
1119
1128
1137
1146
1155
1164
1173
1182
1191
1200
1210
1220
1230
1240
1250
1260
1270
1280
1290
1300
1310
1320