382
392
402
412
422
432
441
450
459
468
477
486
495
504
513
522
531
540
549
558
567
576
585
594
603
612
621
630
639
648
657
666
675
684
693
702
711
720
729
738
747
756
765
774
783
792
801
810
819
828
837
846
855
864
873
882
891
900
909
918
927
936
945
954
963
972
981
990
999
1008
1017
1026
1035
1044
1053
1062
1071
1080
1089
1098
1107
1116
1125
1134
1143
1152
1161
1170
1179
1188
1197
1206
1215
1224
1233
1242
1252
1262
1272
1282
1292
1302
1312
1322
1332
1342
1352
1362