398
408
418
428
438
448
457
466
475
484
493
502
511
520
529
538
547
556
565
574
583
592
601
610
619
628
637
646
655
664
673
682
691
700
709
718
727
736
745
754
763
772
781
790
799
808
817
826
835
844
853
862
871
880
889
898
907
916
925
934
943
952
961
970
979
988
997
1006
1015
1024
1033
1042
1051
1060
1069
1078
1087
1096
1105
1114
1123
1132
1141
1150
1159
1168
1177
1186
1195
1204
1213
1222
1231
1240
1249
1258
1268
1278
1288
1298
1308
1318
1328
1338
1348
1358
1368
1378