401
411
421
431
441
451
460
469
478
487
496
505
514
523
532
541
550
559
568
577
586
595
604
613
622
631
640
649
658
667
676
685
694
703
712
721
730
739
748
757
766
775
784
793
802
811
820
829
838
847
856
865
874
883
892
901
910
919
928
937
946
955
964
973
982
991
1000
1009
1018
1027
1036
1045
1054
1063
1072
1081
1090
1099
1108
1117
1126
1135
1144
1153
1162
1171
1180
1189
1198
1207
1216
1225
1234
1243
1252
1261
1271
1281
1291
1301
1311
1321
1331
1341
1351
1361
1371
1381