345
355
365
375
385
395
404
413
422
431
440
449
458
467
476
485
494
503
512
521
530
539
548
557
566
575
584
593
602
611
620
629
638
647
656
665
674
683
692
701
710
719
728
737
746
755
764
773
782
791
800
809
818
827
836
845
854
863
872
881
890
899
908
917
926
935
944
953
962
971
980
989
998
1007
1016
1025
1034
1043
1052
1061
1070
1079
1088
1097
1106
1115
1124
1133
1142
1151
1160
1169
1178
1187
1196
1205
1215
1225
1235
1245
1255
1265
1275
1285
1295
1305
1315
1325