360
370
380
390
400
410
419
428
437
446
455
464
473
482
491
500
509
518
527
536
545
554
563
572
581
590
599
608
617
626
635
644
653
662
671
680
689
698
707
716
725
734
743
752
761
770
779
788
797
806
815
824
833
842
851
860
869
878
887
896
905
914
923
932
941
950
959
968
977
986
995
1004
1013
1022
1031
1040
1049
1058
1067
1076
1085
1094
1103
1112
1121
1130
1139
1148
1157
1166
1175
1184
1193
1202
1211
1220
1230
1240
1250
1260
1270
1280
1290
1300
1310
1320
1330
1340