391
398
405
412
419
426
433
440
447
454
461
468
475
482
489
494
499
504
509
514
519
524
529
534
539
544
549
554
559
565
572
579
586
593
600
607
614
621
628
635
642
649
656
664
672
680
688
696
704
712
720
728
736
744
752
760
768
776
784
792
800
808
816
824
832
840
848
856
864
872
880
888
896
904
912
920
927
934
941
948
955
961
967
973
979
984
990
996
1002
1007
1013
1019
1025
1030
1036
1042
1048
1053
1059
1065
1071
1076
1082
1088
1094
1099
1105
1111
1117
1122
1128
1134
1140
1145
1151
1157
1163
1168
1174
1180
1186
1191
1197
1203
1209
1215
1221
1228
1235
1242
1249
1256
1264
1272
1280
1288
1296
1304
1312
1320
1328
1336
1346
1356
1366
1381