366
373
380
387
394
401
408
415
422
429
436
443
450
457
464
469
474
479
484
489
494
499
504
509
514
519
524
529
534
540
547
554
561
568
575
582
589
596
603
610
617
624
631
639
647
655
663
671
679
687
695
703
711
719
727
735
743
751
759
767
775
783
791
799
807
815
823
831
839
847
855
863
871
879
887
895
902
909
916
923
930
936
942
948
954
959
965
971
977
982
988
994
1000
1005
1011
1017
1023
1028
1034
1040
1046
1051
1057
1063
1069
1074
1080
1086
1092
1097
1103
1109
1115
1120
1126
1132
1138
1143
1149
1155
1161
1166
1172
1178
1184
1190
1196
1203
1210
1217
1224
1231
1239
1247
1255
1263
1271
1279
1287
1295
1303
1311
1321
1331
1341
1356