364
371
378
385
392
399
406
413
420
427
434
441
448
455
462
467
472
477
482
487
492
497
502
507
512
517
522
527
532
538
545
552
559
566
573
580
587
594
601
608
615
622
629
637
645
653
661
669
677
685
693
701
709
717
725
733
741
749
757
765
773
781
789
797
805
813
821
829
837
845
853
861
869
877
885
893
900
907
914
921
928
934
940
946
952
957
963
969
975
980
986
992
998
1003
1009
1015
1021
1026
1032
1038
1044
1049
1055
1061
1067
1072
1078
1084
1090
1095
1101
1107
1113
1118
1124
1130
1136
1141
1147
1153
1159
1164
1170
1176
1182
1188
1194
1201
1208
1215
1222
1229
1237
1245
1253
1261
1269
1277
1285
1293
1301
1309
1319
1329
1339
1354