362
369
376
383
390
397
404
411
418
425
432
439
446
453
460
465
470
475
480
485
490
495
500
505
510
515
520
525
530
536
543
550
557
564
571
578
585
592
599
606
613
620
627
635
643
651
659
667
675
683
691
699
707
715
723
731
739
747
755
763
771
779
787
795
803
811
819
827
835
843
851
859
867
875
883
891
898
905
912
919
926
932
938
944
950
955
961
967
973
978
984
990
996
1001
1007
1013
1019
1024
1030
1036
1042
1047
1053
1059
1065
1070
1076
1082
1088
1093
1099
1105
1111
1116
1122
1128
1134
1139
1145
1151
1157
1162
1168
1174
1180
1186
1192
1199
1206
1213
1220
1227
1235
1243
1251
1259
1267
1275
1283
1291
1299
1307
1317
1327
1337
1352