359
366
373
380
387
394
401
408
415
422
429
436
443
450
457
462
467
472
477
482
487
492
497
502
507
512
517
522
527
533
540
547
554
561
568
575
582
589
596
603
610
617
624
632
640
648
656
664
672
680
688
696
704
712
720
728
736
744
752
760
768
776
784
792
800
808
816
824
832
840
848
856
864
872
880
888
895
902
909
916
923
929
935
941
947
952
958
964
970
975
981
987
993
998
1004
1010
1016
1021
1027
1033
1039
1044
1050
1056
1062
1067
1073
1079
1085
1090
1096
1102
1108
1113
1119
1125
1131
1136
1142
1148
1154
1159
1165
1171
1177
1183
1189
1196
1203
1210
1217
1224
1232
1240
1248
1256
1264
1272
1280
1288
1296
1304
1314
1324
1334
1349