356
363
370
377
384
391
398
405
412
419
426
433
440
447
454
459
464
469
474
479
484
489
494
499
504
509
514
519
524
530
537
544
551
558
565
572
579
586
593
600
607
614
621
629
637
645
653
661
669
677
685
693
701
709
717
725
733
741
749
757
765
773
781
789
797
805
813
821
829
837
845
853
861
869
877
885
892
899
906
913
920
926
932
938
944
949
955
961
967
972
978
984
990
995
1001
1007
1013
1018
1024
1030
1036
1041
1047
1053
1059
1064
1070
1076
1082
1087
1093
1099
1105
1110
1116
1122
1128
1133
1139
1145
1151
1156
1162
1168
1174
1180
1186
1193
1200
1207
1214
1221
1229
1237
1245
1253
1261
1269
1277
1285
1293
1301
1311
1321
1331
1346