353
360
367
374
381
388
395
402
409
416
423
430
437
444
451
456
461
466
471
476
481
486
491
496
501
506
511
516
521
527
534
541
548
555
562
569
576
583
590
597
604
611
618
626
634
642
650
658
666
674
682
690
698
706
714
722
730
738
746
754
762
770
778
786
794
802
810
818
826
834
842
850
858
866
874
882
889
896
903
910
917
923
929
935
941
946
952
958
964
969
975
981
987
992
998
1004
1010
1015
1021
1027
1033
1038
1044
1050
1056
1061
1067
1073
1079
1084
1090
1096
1102
1107
1113
1119
1125
1130
1136
1142
1148
1153
1159
1165
1171
1177
1183
1190
1197
1204
1211
1218
1226
1234
1242
1250
1258
1266
1274
1282
1290
1298
1308
1318
1328
1343