349
356
363
370
377
384
391
398
405
412
419
426
433
440
447
452
457
462
467
472
477
482
487
492
497
502
507
512
517
523
530
537
544
551
558
565
572
579
586
593
600
607
614
622
630
638
646
654
662
670
678
686
694
702
710
718
726
734
742
750
758
766
774
782
790
798
806
814
822
830
838
846
854
862
870
878
885
892
899
906
913
919
925
931
937
942
948
954
960
965
971
977
983
988
994
1000
1006
1011
1017
1023
1029
1034
1040
1046
1052
1057
1063
1069
1075
1080
1086
1092
1098
1103
1109
1115
1121
1126
1132
1138
1144
1149
1155
1161
1167
1173
1179
1186
1193
1200
1207
1214
1222
1230
1238
1246
1254
1262
1270
1278
1286
1294
1304
1314
1324
1339