346
353
360
367
374
381
388
395
402
409
416
423
430
437
444
449
454
459
464
469
474
479
484
489
494
499
504
509
514
520
527
534
541
548
555
562
569
576
583
590
597
604
611
619
627
635
643
651
659
667
675
683
691
699
707
715
723
731
739
747
755
763
771
779
787
795
803
811
819
827
835
843
851
859
867
875
882
889
896
903
910
916
922
928
934
939
945
951
957
962
968
974
980
985
991
997
1003
1008
1014
1020
1026
1031
1037
1043
1049
1054
1060
1066
1072
1077
1083
1089
1095
1100
1106
1112
1118
1123
1129
1135
1141
1146
1152
1158
1164
1170
1176
1183
1190
1197
1204
1211
1219
1227
1235
1243
1251
1259
1267
1275
1283
1291
1301
1311
1321
1336