344
351
358
365
372
379
386
393
400
407
414
421
428
435
442
447
452
457
462
467
472
477
482
487
492
497
502
507
512
518
525
532
539
546
553
560
567
574
581
588
595
602
609
617
625
633
641
649
657
665
673
681
689
697
705
713
721
729
737
745
753
761
769
777
785
793
801
809
817
825
833
841
849
857
865
873
880
887
894
901
908
914
920
926
932
937
943
949
955
960
966
972
978
983
989
995
1001
1006
1012
1018
1024
1029
1035
1041
1047
1052
1058
1064
1070
1075
1081
1087
1093
1098
1104
1110
1116
1121
1127
1133
1139
1144
1150
1156
1162
1168
1174
1181
1188
1195
1202
1209
1217
1225
1233
1241
1249
1257
1265
1273
1281
1289
1299
1309
1319
1334