341
348
355
362
369
376
383
390
397
404
411
418
425
432
439
444
449
454
459
464
469
474
479
484
489
494
499
504
509
515
522
529
536
543
550
557
564
571
578
585
592
599
606
614
622
630
638
646
654
662
670
678
686
694
702
710
718
726
734
742
750
758
766
774
782
790
798
806
814
822
830
838
846
854
862
870
877
884
891
898
905
911
917
923
929
934
940
946
952
957
963
969
975
980
986
992
998
1003
1009
1015
1021
1026
1032
1038
1044
1049
1055
1061
1067
1072
1078
1084
1090
1095
1101
1107
1113
1118
1124
1130
1136
1141
1147
1153
1159
1165
1171
1178
1185
1192
1199
1206
1214
1222
1230
1238
1246
1254
1262
1270
1278
1286
1296
1306
1316
1331