386
393
400
407
414
421
428
435
442
449
456
463
470
477
484
489
494
499
504
509
514
519
524
529
534
539
544
549
554
560
567
574
581
588
595
602
609
616
623
630
637
644
651
659
667
675
683
691
699
707
715
723
731
739
747
755
763
771
779
787
795
803
811
819
827
835
843
851
859
867
875
883
891
899
907
915
922
929
936
943
950
956
962
968
974
979
985
991
997
1002
1008
1014
1020
1025
1031
1037
1043
1048
1054
1060
1066
1071
1077
1083
1089
1094
1100
1106
1112
1117
1123
1129
1135
1140
1146
1152
1158
1163
1169
1175
1181
1186
1192
1198
1204
1210
1216
1223
1230
1237
1244
1251
1259
1267
1275
1283
1291
1299
1307
1315
1323
1331
1341
1351
1361
1376