339
346
353
360
367
374
381
388
395
402
409
416
423
430
437
442
447
452
457
462
467
472
477
482
487
492
497
502
507
513
520
527
534
541
548
555
562
569
576
583
590
597
604
612
620
628
636
644
652
660
668
676
684
692
700
708
716
724
732
740
748
756
764
772
780
788
796
804
812
820
828
836
844
852
860
868
875
882
889
896
903
909
915
921
927
932
938
944
950
955
961
967
973
978
984
990
996
1001
1007
1013
1019
1024
1030
1036
1042
1047
1053
1059
1065
1070
1076
1082
1088
1093
1099
1105
1111
1116
1122
1128
1134
1139
1145
1151
1157
1163
1169
1176
1183
1190
1197
1204
1212
1220
1228
1236
1244
1252
1260
1268
1276
1284
1294
1304
1314
1329