337
344
351
358
365
372
379
386
393
400
407
414
421
428
435
440
445
450
455
460
465
470
475
480
485
490
495
500
505
511
518
525
532
539
546
553
560
567
574
581
588
595
602
610
618
626
634
642
650
658
666
674
682
690
698
706
714
722
730
738
746
754
762
770
778
786
794
802
810
818
826
834
842
850
858
866
873
880
887
894
901
907
913
919
925
930
936
942
948
953
959
965
971
976
982
988
994
999
1005
1011
1017
1022
1028
1034
1040
1045
1051
1057
1063
1068
1074
1080
1086
1091
1097
1103
1109
1114
1120
1126
1132
1137
1143
1149
1155
1161
1167
1174
1181
1188
1195
1202
1210
1218
1226
1234
1242
1250
1258
1266
1274
1282
1292
1302
1312
1327