335
342
349
356
363
370
377
384
391
398
405
412
419
426
433
438
443
448
453
458
463
468
473
478
483
488
493
498
503
509
516
523
530
537
544
551
558
565
572
579
586
593
600
608
616
624
632
640
648
656
664
672
680
688
696
704
712
720
728
736
744
752
760
768
776
784
792
800
808
816
824
832
840
848
856
864
871
878
885
892
899
905
911
917
923
928
934
940
946
951
957
963
969
974
980
986
992
997
1003
1009
1015
1020
1026
1032
1038
1043
1049
1055
1061
1066
1072
1078
1084
1089
1095
1101
1107
1112
1118
1124
1130
1135
1141
1147
1153
1159
1165
1172
1179
1186
1193
1200
1208
1216
1224
1232
1240
1248
1256
1264
1272
1280
1290
1300
1310
1325