333
340
347
354
361
368
375
382
389
396
403
410
417
424
431
436
441
446
451
456
461
466
471
476
481
486
491
496
501
507
514
521
528
535
542
549
556
563
570
577
584
591
598
606
614
622
630
638
646
654
662
670
678
686
694
702
710
718
726
734
742
750
758
766
774
782
790
798
806
814
822
830
838
846
854
862
869
876
883
890
897
903
909
915
921
926
932
938
944
949
955
961
967
972
978
984
990
995
1001
1007
1013
1018
1024
1030
1036
1041
1047
1053
1059
1064
1070
1076
1082
1087
1093
1099
1105
1110
1116
1122
1128
1133
1139
1145
1151
1157
1163
1170
1177
1184
1191
1198
1206
1214
1222
1230
1238
1246
1254
1262
1270
1278
1288
1298
1308
1323