331
338
345
352
359
366
373
380
387
394
401
408
415
422
429
434
439
444
449
454
459
464
469
474
479
484
489
494
499
505
512
519
526
533
540
547
554
561
568
575
582
589
596
604
612
620
628
636
644
652
660
668
676
684
692
700
708
716
724
732
740
748
756
764
772
780
788
796
804
812
820
828
836
844
852
860
867
874
881
888
895
901
907
913
919
924
930
936
942
947
953
959
965
970
976
982
988
993
999
1005
1011
1016
1022
1028
1034
1039
1045
1051
1057
1062
1068
1074
1080
1085
1091
1097
1103
1108
1114
1120
1126
1131
1137
1143
1149
1155
1161
1168
1175
1182
1189
1196
1204
1212
1220
1228
1236
1244
1252
1260
1268
1276
1286
1296
1306
1321