330
337
344
351
358
365
372
379
386
393
400
407
414
421
428
433
438
443
448
453
458
463
468
473
478
483
488
493
498
504
511
518
525
532
539
546
553
560
567
574
581
588
595
603
611
619
627
635
643
651
659
667
675
683
691
699
707
715
723
731
739
747
755
763
771
779
787
795
803
811
819
827
835
843
851
859
866
873
880
887
894
900
906
912
918
923
929
935
941
946
952
958
964
969
975
981
987
992
998
1004
1010
1015
1021
1027
1033
1038
1044
1050
1056
1061
1067
1073
1079
1084
1090
1096
1102
1107
1113
1119
1125
1130
1136
1142
1148
1154
1160
1167
1174
1181
1188
1195
1203
1211
1219
1227
1235
1243
1251
1259
1267
1275
1285
1295
1305
1320