382
389
396
403
410
417
424
431
438
445
452
459
466
473
480
485
490
495
500
505
510
515
520
525
530
535
540
545
550
556
563
570
577
584
591
598
605
612
619
626
633
640
647
655
663
671
679
687
695
703
711
719
727
735
743
751
759
767
775
783
791
799
807
815
823
831
839
847
855
863
871
879
887
895
903
911
918
925
932
939
946
952
958
964
970
975
981
987
993
998
1004
1010
1016
1021
1027
1033
1039
1044
1050
1056
1062
1067
1073
1079
1085
1090
1096
1102
1108
1113
1119
1125
1131
1136
1142
1148
1154
1159
1165
1171
1177
1182
1188
1194
1200
1206
1212
1219
1226
1233
1240
1247
1255
1263
1271
1279
1287
1295
1303
1311
1319
1327
1337
1347
1357
1372