380
387
394
401
408
415
422
429
436
443
450
457
464
471
478
483
488
493
498
503
508
513
518
523
528
533
538
543
548
554
561
568
575
582
589
596
603
610
617
624
631
638
645
653
661
669
677
685
693
701
709
717
725
733
741
749
757
765
773
781
789
797
805
813
821
829
837
845
853
861
869
877
885
893
901
909
916
923
930
937
944
950
956
962
968
973
979
985
991
996
1002
1008
1014
1019
1025
1031
1037
1042
1048
1054
1060
1065
1071
1077
1083
1088
1094
1100
1106
1111
1117
1123
1129
1134
1140
1146
1152
1157
1163
1169
1175
1180
1186
1192
1198
1204
1210
1217
1224
1231
1238
1245
1253
1261
1269
1277
1285
1293
1301
1309
1317
1325
1335
1345
1355
1370