378
385
392
399
406
413
420
427
434
441
448
455
462
469
476
481
486
491
496
501
506
511
516
521
526
531
536
541
546
552
559
566
573
580
587
594
601
608
615
622
629
636
643
651
659
667
675
683
691
699
707
715
723
731
739
747
755
763
771
779
787
795
803
811
819
827
835
843
851
859
867
875
883
891
899
907
914
921
928
935
942
948
954
960
966
971
977
983
989
994
1000
1006
1012
1017
1023
1029
1035
1040
1046
1052
1058
1063
1069
1075
1081
1086
1092
1098
1104
1109
1115
1121
1127
1132
1138
1144
1150
1155
1161
1167
1173
1178
1184
1190
1196
1202
1208
1215
1222
1229
1236
1243
1251
1259
1267
1275
1283
1291
1299
1307
1315
1323
1333
1343
1353
1368