376
383
390
397
404
411
418
425
432
439
446
453
460
467
474
479
484
489
494
499
504
509
514
519
524
529
534
539
544
550
557
564
571
578
585
592
599
606
613
620
627
634
641
649
657
665
673
681
689
697
705
713
721
729
737
745
753
761
769
777
785
793
801
809
817
825
833
841
849
857
865
873
881
889
897
905
912
919
926
933
940
946
952
958
964
969
975
981
987
992
998
1004
1010
1015
1021
1027
1033
1038
1044
1050
1056
1061
1067
1073
1079
1084
1090
1096
1102
1107
1113
1119
1125
1130
1136
1142
1148
1153
1159
1165
1171
1176
1182
1188
1194
1200
1206
1213
1220
1227
1234
1241
1249
1257
1265
1273
1281
1289
1297
1305
1313
1321
1331
1341
1351
1366