374
381
388
395
402
409
416
423
430
437
444
451
458
465
472
477
482
487
492
497
502
507
512
517
522
527
532
537
542
548
555
562
569
576
583
590
597
604
611
618
625
632
639
647
655
663
671
679
687
695
703
711
719
727
735
743
751
759
767
775
783
791
799
807
815
823
831
839
847
855
863
871
879
887
895
903
910
917
924
931
938
944
950
956
962
967
973
979
985
990
996
1002
1008
1013
1019
1025
1031
1036
1042
1048
1054
1059
1065
1071
1077
1082
1088
1094
1100
1105
1111
1117
1123
1128
1134
1140
1146
1151
1157
1163
1169
1174
1180
1186
1192
1198
1204
1211
1218
1225
1232
1239
1247
1255
1263
1271
1279
1287
1295
1303
1311
1319
1329
1339
1349
1364