371
378
385
392
399
406
413
420
427
434
441
448
455
462
469
474
479
484
489
494
499
504
509
514
519
524
529
534
539
545
552
559
566
573
580
587
594
601
608
615
622
629
636
644
652
660
668
676
684
692
700
708
716
724
732
740
748
756
764
772
780
788
796
804
812
820
828
836
844
852
860
868
876
884
892
900
907
914
921
928
935
941
947
953
959
964
970
976
982
987
993
999
1005
1010
1016
1022
1028
1033
1039
1045
1051
1056
1062
1068
1074
1079
1085
1091
1097
1102
1108
1114
1120
1125
1131
1137
1143
1148
1154
1160
1166
1171
1177
1183
1189
1195
1201
1208
1215
1222
1229
1236
1244
1252
1260
1268
1276
1284
1292
1300
1308
1316
1326
1336
1346
1361