368
375
382
389
396
403
410
417
424
431
438
445
452
459
466
471
476
481
486
491
496
501
506
511
516
521
526
531
536
542
549
556
563
570
577
584
591
598
605
612
619
626
633
641
649
657
665
673
681
689
697
705
713
721
729
737
745
753
761
769
777
785
793
801
809
817
825
833
841
849
857
865
873
881
889
897
904
911
918
925
932
938
944
950
956
961
967
973
979
984
990
996
1002
1007
1013
1019
1025
1030
1036
1042
1048
1053
1059
1065
1071
1076
1082
1088
1094
1099
1105
1111
1117
1122
1128
1134
1140
1145
1151
1157
1163
1168
1174
1180
1186
1192
1198
1205
1212
1219
1226
1233
1241
1249
1257
1265
1273
1281
1289
1297
1305
1313
1323
1333
1343
1358