391
404
416
426
436
445
454
463
472
481
490
499
508
517
526
535
544
553
562
571
580
589
598
607
616
625
634
643
652
661
670
679
688
697
706
715
724
733
742
751
760
769
778
787
796
805
814
823
832
841
850
859
868
877
886
895
904
913
922
931
940
949
958
967
976
985
994
1003
1012
1021
1030
1039
1048
1057
1066
1075
1084
1093
1102
1111
1120
1129
1138
1147
1156
1165
1174
1183
1192
1201
1210
1219
1228
1237
1246
1255
1264
1273
1282
1291
1301
1311
1321
1331
1341
1351
1366
1381