330
343
355
365
375
384
393
402
411
420
429
438
447
456
465
474
483
492
501
510
519
528
537
546
555
564
573
582
591
600
609
618
627
636
645
654
663
672
681
690
699
708
717
726
735
744
753
762
771
780
789
798
807
816
825
834
843
852
861
870
879
888
897
906
915
924
933
942
951
960
969
978
987
996
1005
1014
1023
1032
1041
1050
1059
1068
1077
1086
1095
1104
1113
1122
1131
1140
1149
1158
1167
1176
1185
1194
1203
1212
1221
1230
1240
1250
1260
1270
1280
1290
1305
1320