380
393
405
415
425
434
443
452
461
470
479
488
497
506
515
524
533
542
551
560
569
578
587
596
605
614
623
632
641
650
659
668
677
686
695
704
713
722
731
740
749
758
767
776
785
794
803
812
821
830
839
848
857
866
875
884
893
902
911
920
929
938
947
956
965
974
983
992
1001
1010
1019
1028
1037
1046
1055
1064
1073
1082
1091
1100
1109
1118
1127
1136
1145
1154
1163
1172
1181
1190
1199
1208
1217
1226
1235
1244
1253
1262
1271
1280
1290
1300
1310
1320
1330
1340
1355
1370