340
350
360
368
376
383
390
397
404
411
418
425
432
439
446
453
460
467
474
481
488
495
500
505
510
515
520
525
530
535
540
545
550
555
560
565
570
577
584
591
599
607
615
623
631
639
647
655
663
671
679
687
695
703
711
719
727
735
743
751
759
767
775
783
791
799
807
815
823
831
839
847
855
863
871
879
887
894
901
908
915
922
929
936
942
948
954
960
966
972
978
984
990
995
1001
1007
1013
1018
1024
1030
1036
1041
1047
1053
1059
1064
1070
1076
1082
1087
1093
1099
1105
1110
1116
1122
1128
1133
1139
1145
1151
1156
1162
1168
1174
1180
1186
1192
1198
1205
1212
1219
1226
1233
1240
1247
1254
1261
1268
1275
1282
1289
1296
1303
1310
1320