363
373
383
391
399
406
413
420
427
434
441
448
455
462
469
476
483
490
497
504
511
518
523
528
533
538
543
548
553
558
563
568
573
578
583
588
593
600
607
614
622
630
638
646
654
662
670
678
686
694
702
710
718
726
734
742
750
758
766
774
782
790
798
806
814
822
830
838
846
854
862
870
878
886
894
902
910
917
924
931
938
945
952
959
965
971
977
983
989
995
1001
1007
1013
1018
1024
1030
1036
1041
1047
1053
1059
1064
1070
1076
1082
1087
1093
1099
1105
1110
1116
1122
1128
1133
1139
1145
1151
1156
1162
1168
1174
1179
1185
1191
1197
1203
1209
1215
1221
1228
1235
1242
1249
1256
1263
1270
1277
1284
1291
1298
1305
1312
1319
1326
1333
1343