366
376
386
394
402
409
416
423
430
437
444
451
458
465
472
479
486
493
500
507
514
521
526
531
536
541
546
551
556
561
566
571
576
581
586
591
596
603
610
617
625
633
641
649
657
665
673
681
689
697
705
713
721
729
737
745
753
761
769
777
785
793
801
809
817
825
833
841
849
857
865
873
881
889
897
905
913
920
927
934
941
948
955
962
968
974
980
986
992
998
1004
1010
1016
1021
1027
1033
1039
1044
1050
1056
1062
1067
1073
1079
1085
1090
1096
1102
1108
1113
1119
1125
1131
1136
1142
1148
1154
1159
1165
1171
1177
1182
1188
1194
1200
1206
1212
1218
1224
1231
1238
1245
1252
1259
1266
1273
1280
1287
1294
1301
1308
1315
1322
1329
1336
1346