368
378
388
396
404
411
418
425
432
439
446
453
460
467
474
481
488
495
502
509
516
523
528
533
538
543
548
553
558
563
568
573
578
583
588
593
598
605
612
619
627
635
643
651
659
667
675
683
691
699
707
715
723
731
739
747
755
763
771
779
787
795
803
811
819
827
835
843
851
859
867
875
883
891
899
907
915
922
929
936
943
950
957
964
970
976
982
988
994
1000
1006
1012
1018
1023
1029
1035
1041
1046
1052
1058
1064
1069
1075
1081
1087
1092
1098
1104
1110
1115
1121
1127
1133
1138
1144
1150
1156
1161
1167
1173
1179
1184
1190
1196
1202
1208
1214
1220
1226
1233
1240
1247
1254
1261
1268
1275
1282
1289
1296
1303
1310
1317
1324
1331
1338
1348