370
380
390
398
406
413
420
427
434
441
448
455
462
469
476
483
490
497
504
511
518
525
530
535
540
545
550
555
560
565
570
575
580
585
590
595
600
607
614
621
629
637
645
653
661
669
677
685
693
701
709
717
725
733
741
749
757
765
773
781
789
797
805
813
821
829
837
845
853
861
869
877
885
893
901
909
917
924
931
938
945
952
959
966
972
978
984
990
996
1002
1008
1014
1020
1025
1031
1037
1043
1048
1054
1060
1066
1071
1077
1083
1089
1094
1100
1106
1112
1117
1123
1129
1135
1140
1146
1152
1158
1163
1169
1175
1181
1186
1192
1198
1204
1210
1216
1222
1228
1235
1242
1249
1256
1263
1270
1277
1284
1291
1298
1305
1312
1319
1326
1333
1340
1350