372
382
392
400
408
415
422
429
436
443
450
457
464
471
478
485
492
499
506
513
520
527
532
537
542
547
552
557
562
567
572
577
582
587
592
597
602
609
616
623
631
639
647
655
663
671
679
687
695
703
711
719
727
735
743
751
759
767
775
783
791
799
807
815
823
831
839
847
855
863
871
879
887
895
903
911
919
926
933
940
947
954
961
968
974
980
986
992
998
1004
1010
1016
1022
1027
1033
1039
1045
1050
1056
1062
1068
1073
1079
1085
1091
1096
1102
1108
1114
1119
1125
1131
1137
1142
1148
1154
1160
1165
1171
1177
1183
1188
1194
1200
1206
1212
1218
1224
1230
1237
1244
1251
1258
1265
1272
1279
1286
1293
1300
1307
1314
1321
1328
1335
1342
1352