375
385
395
403
411
418
425
432
439
446
453
460
467
474
481
488
495
502
509
516
523
530
535
540
545
550
555
560
565
570
575
580
585
590
595
600
605
612
619
626
634
642
650
658
666
674
682
690
698
706
714
722
730
738
746
754
762
770
778
786
794
802
810
818
826
834
842
850
858
866
874
882
890
898
906
914
922
929
936
943
950
957
964
971
977
983
989
995
1001
1007
1013
1019
1025
1030
1036
1042
1048
1053
1059
1065
1071
1076
1082
1088
1094
1099
1105
1111
1117
1122
1128
1134
1140
1145
1151
1157
1163
1168
1174
1180
1186
1191
1197
1203
1209
1215
1221
1227
1233
1240
1247
1254
1261
1268
1275
1282
1289
1296
1303
1310
1317
1324
1331
1338
1345
1355