378
388
398
406
414
421
428
435
442
449
456
463
470
477
484
491
498
505
512
519
526
533
538
543
548
553
558
563
568
573
578
583
588
593
598
603
608
615
622
629
637
645
653
661
669
677
685
693
701
709
717
725
733
741
749
757
765
773
781
789
797
805
813
821
829
837
845
853
861
869
877
885
893
901
909
917
925
932
939
946
953
960
967
974
980
986
992
998
1004
1010
1016
1022
1028
1033
1039
1045
1051
1056
1062
1068
1074
1079
1085
1091
1097
1102
1108
1114
1120
1125
1131
1137
1143
1148
1154
1160
1166
1171
1177
1183
1189
1194
1200
1206
1212
1218
1224
1230
1236
1243
1250
1257
1264
1271
1278
1285
1292
1299
1306
1313
1320
1327
1334
1341
1348
1358