382
392
402
410
418
425
432
439
446
453
460
467
474
481
488
495
502
509
516
523
530
537
542
547
552
557
562
567
572
577
582
587
592
597
602
607
612
619
626
633
641
649
657
665
673
681
689
697
705
713
721
729
737
745
753
761
769
777
785
793
801
809
817
825
833
841
849
857
865
873
881
889
897
905
913
921
929
936
943
950
957
964
971
978
984
990
996
1002
1008
1014
1020
1026
1032
1037
1043
1049
1055
1060
1066
1072
1078
1083
1089
1095
1101
1106
1112
1118
1124
1129
1135
1141
1147
1152
1158
1164
1170
1175
1181
1187
1193
1198
1204
1210
1216
1222
1228
1234
1240
1247
1254
1261
1268
1275
1282
1289
1296
1303
1310
1317
1324
1331
1338
1345
1352
1362