385
395
405
413
421
428
435
442
449
456
463
470
477
484
491
498
505
512
519
526
533
540
545
550
555
560
565
570
575
580
585
590
595
600
605
610
615
622
629
636
644
652
660
668
676
684
692
700
708
716
724
732
740
748
756
764
772
780
788
796
804
812
820
828
836
844
852
860
868
876
884
892
900
908
916
924
932
939
946
953
960
967
974
981
987
993
999
1005
1011
1017
1023
1029
1035
1040
1046
1052
1058
1063
1069
1075
1081
1086
1092
1098
1104
1109
1115
1121
1127
1132
1138
1144
1150
1155
1161
1167
1173
1178
1184
1190
1196
1201
1207
1213
1219
1225
1231
1237
1243
1250
1257
1264
1271
1278
1285
1292
1299
1306
1313
1320
1327
1334
1341
1348
1355
1365