387
397
407
415
423
430
437
444
451
458
465
472
479
486
493
500
507
514
521
528
535
542
547
552
557
562
567
572
577
582
587
592
597
602
607
612
617
624
631
638
646
654
662
670
678
686
694
702
710
718
726
734
742
750
758
766
774
782
790
798
806
814
822
830
838
846
854
862
870
878
886
894
902
910
918
926
934
941
948
955
962
969
976
983
989
995
1001
1007
1013
1019
1025
1031
1037
1042
1048
1054
1060
1065
1071
1077
1083
1088
1094
1100
1106
1111
1117
1123
1129
1134
1140
1146
1152
1157
1163
1169
1175
1180
1186
1192
1198
1203
1209
1215
1221
1227
1233
1239
1245
1252
1259
1266
1273
1280
1287
1294
1301
1308
1315
1322
1329
1336
1343
1350
1357
1367