342
352
362
370
378
385
392
399
406
413
420
427
434
441
448
455
462
469
476
483
490
497
502
507
512
517
522
527
532
537
542
547
552
557
562
567
572
579
586
593
601
609
617
625
633
641
649
657
665
673
681
689
697
705
713
721
729
737
745
753
761
769
777
785
793
801
809
817
825
833
841
849
857
865
873
881
889
896
903
910
917
924
931
938
944
950
956
962
968
974
980
986
992
997
1003
1009
1015
1020
1026
1032
1038
1043
1049
1055
1061
1066
1072
1078
1084
1089
1095
1101
1107
1112
1118
1124
1130
1135
1141
1147
1153
1158
1164
1170
1176
1182
1188
1194
1200
1207
1214
1221
1228
1235
1242
1249
1256
1263
1270
1277
1284
1291
1298
1305
1312
1322