389
399
409
417
425
432
439
446
453
460
467
474
481
488
495
502
509
516
523
530
537
544
549
554
559
564
569
574
579
584
589
594
599
604
609
614
619
626
633
640
648
656
664
672
680
688
696
704
712
720
728
736
744
752
760
768
776
784
792
800
808
816
824
832
840
848
856
864
872
880
888
896
904
912
920
928
936
943
950
957
964
971
978
985
991
997
1003
1009
1015
1021
1027
1033
1039
1044
1050
1056
1062
1067
1073
1079
1085
1090
1096
1102
1108
1113
1119
1125
1131
1136
1142
1148
1154
1159
1165
1171
1177
1182
1188
1194
1200
1205
1211
1217
1223
1229
1235
1241
1247
1254
1261
1268
1275
1282
1289
1296
1303
1310
1317
1324
1331
1338
1345
1352
1359
1369