391
401
411
419
427
434
441
448
455
462
469
476
483
490
497
504
511
518
525
532
539
546
551
556
561
566
571
576
581
586
591
596
601
606
611
616
621
628
635
642
650
658
666
674
682
690
698
706
714
722
730
738
746
754
762
770
778
786
794
802
810
818
826
834
842
850
858
866
874
882
890
898
906
914
922
930
938
945
952
959
966
973
980
987
993
999
1005
1011
1017
1023
1029
1035
1041
1046
1052
1058
1064
1069
1075
1081
1087
1092
1098
1104
1110
1115
1121
1127
1133
1138
1144
1150
1156
1161
1167
1173
1179
1184
1190
1196
1202
1207
1213
1219
1225
1231
1237
1243
1249
1256
1263
1270
1277
1284
1291
1298
1305
1312
1319
1326
1333
1340
1347
1354
1361
1371