393
403
413
421
429
436
443
450
457
464
471
478
485
492
499
506
513
520
527
534
541
548
553
558
563
568
573
578
583
588
593
598
603
608
613
618
623
630
637
644
652
660
668
676
684
692
700
708
716
724
732
740
748
756
764
772
780
788
796
804
812
820
828
836
844
852
860
868
876
884
892
900
908
916
924
932
940
947
954
961
968
975
982
989
995
1001
1007
1013
1019
1025
1031
1037
1043
1048
1054
1060
1066
1071
1077
1083
1089
1094
1100
1106
1112
1117
1123
1129
1135
1140
1146
1152
1158
1163
1169
1175
1181
1186
1192
1198
1204
1209
1215
1221
1227
1233
1239
1245
1251
1258
1265
1272
1279
1286
1293
1300
1307
1314
1321
1328
1335
1342
1349
1356
1363
1373