395
405
415
423
431
438
445
452
459
466
473
480
487
494
501
508
515
522
529
536
543
550
555
560
565
570
575
580
585
590
595
600
605
610
615
620
625
632
639
646
654
662
670
678
686
694
702
710
718
726
734
742
750
758
766
774
782
790
798
806
814
822
830
838
846
854
862
870
878
886
894
902
910
918
926
934
942
949
956
963
970
977
984
991
997
1003
1009
1015
1021
1027
1033
1039
1045
1050
1056
1062
1068
1073
1079
1085
1091
1096
1102
1108
1114
1119
1125
1131
1137
1142
1148
1154
1160
1165
1171
1177
1183
1188
1194
1200
1206
1211
1217
1223
1229
1235
1241
1247
1253
1260
1267
1274
1281
1288
1295
1302
1309
1316
1323
1330
1337
1344
1351
1358
1365
1375