398
408
418
426
434
441
448
455
462
469
476
483
490
497
504
511
518
525
532
539
546
553
558
563
568
573
578
583
588
593
598
603
608
613
618
623
628
635
642
649
657
665
673
681
689
697
705
713
721
729
737
745
753
761
769
777
785
793
801
809
817
825
833
841
849
857
865
873
881
889
897
905
913
921
929
937
945
952
959
966
973
980
987
994
1000
1006
1012
1018
1024
1030
1036
1042
1048
1053
1059
1065
1071
1076
1082
1088
1094
1099
1105
1111
1117
1122
1128
1134
1140
1145
1151
1157
1163
1168
1174
1180
1186
1191
1197
1203
1209
1214
1220
1226
1232
1238
1244
1250
1256
1263
1270
1277
1284
1291
1298
1305
1312
1319
1326
1333
1340
1347
1354
1361
1368
1378