401
411
421
429
437
444
451
458
465
472
479
486
493
500
507
514
521
528
535
542
549
556
561
566
571
576
581
586
591
596
601
606
611
616
621
626
631
638
645
652
660
668
676
684
692
700
708
716
724
732
740
748
756
764
772
780
788
796
804
812
820
828
836
844
852
860
868
876
884
892
900
908
916
924
932
940
948
955
962
969
976
983
990
997
1003
1009
1015
1021
1027
1033
1039
1045
1051
1056
1062
1068
1074
1079
1085
1091
1097
1102
1108
1114
1120
1125
1131
1137
1143
1148
1154
1160
1166
1171
1177
1183
1189
1194
1200
1206
1212
1217
1223
1229
1235
1241
1247
1253
1259
1266
1273
1280
1287
1294
1301
1308
1315
1322
1329
1336
1343
1350
1357
1364
1371
1381