345
355
365
373
381
388
395
402
409
416
423
430
437
444
451
458
465
472
479
486
493
500
505
510
515
520
525
530
535
540
545
550
555
560
565
570
575
582
589
596
604
612
620
628
636
644
652
660
668
676
684
692
700
708
716
724
732
740
748
756
764
772
780
788
796
804
812
820
828
836
844
852
860
868
876
884
892
899
906
913
920
927
934
941
947
953
959
965
971
977
983
989
995
1000
1006
1012
1018
1023
1029
1035
1041
1046
1052
1058
1064
1069
1075
1081
1087
1092
1098
1104
1110
1115
1121
1127
1133
1138
1144
1150
1156
1161
1167
1173
1179
1185
1191
1197
1203
1210
1217
1224
1231
1238
1245
1252
1259
1266
1273
1280
1287
1294
1301
1308
1315
1325