348
358
368
376
384
391
398
405
412
419
426
433
440
447
454
461
468
475
482
489
496
503
508
513
518
523
528
533
538
543
548
553
558
563
568
573
578
585
592
599
607
615
623
631
639
647
655
663
671
679
687
695
703
711
719
727
735
743
751
759
767
775
783
791
799
807
815
823
831
839
847
855
863
871
879
887
895
902
909
916
923
930
937
944
950
956
962
968
974
980
986
992
998
1003
1009
1015
1021
1026
1032
1038
1044
1049
1055
1061
1067
1072
1078
1084
1090
1095
1101
1107
1113
1118
1124
1130
1136
1141
1147
1153
1159
1164
1170
1176
1182
1188
1194
1200
1206
1213
1220
1227
1234
1241
1248
1255
1262
1269
1276
1283
1290
1297
1304
1311
1318
1328