351
361
371
379
387
394
401
408
415
422
429
436
443
450
457
464
471
478
485
492
499
506
511
516
521
526
531
536
541
546
551
556
561
566
571
576
581
588
595
602
610
618
626
634
642
650
658
666
674
682
690
698
706
714
722
730
738
746
754
762
770
778
786
794
802
810
818
826
834
842
850
858
866
874
882
890
898
905
912
919
926
933
940
947
953
959
965
971
977
983
989
995
1001
1006
1012
1018
1024
1029
1035
1041
1047
1052
1058
1064
1070
1075
1081
1087
1093
1098
1104
1110
1116
1121
1127
1133
1139
1144
1150
1156
1162
1167
1173
1179
1185
1191
1197
1203
1209
1216
1223
1230
1237
1244
1251
1258
1265
1272
1279
1286
1293
1300
1307
1314
1321
1331