353
363
373
381
389
396
403
410
417
424
431
438
445
452
459
466
473
480
487
494
501
508
513
518
523
528
533
538
543
548
553
558
563
568
573
578
583
590
597
604
612
620
628
636
644
652
660
668
676
684
692
700
708
716
724
732
740
748
756
764
772
780
788
796
804
812
820
828
836
844
852
860
868
876
884
892
900
907
914
921
928
935
942
949
955
961
967
973
979
985
991
997
1003
1008
1014
1020
1026
1031
1037
1043
1049
1054
1060
1066
1072
1077
1083
1089
1095
1100
1106
1112
1118
1123
1129
1135
1141
1146
1152
1158
1164
1169
1175
1181
1187
1193
1199
1205
1211
1218
1225
1232
1239
1246
1253
1260
1267
1274
1281
1288
1295
1302
1309
1316
1323
1333