355
365
375
383
391
398
405
412
419
426
433
440
447
454
461
468
475
482
489
496
503
510
515
520
525
530
535
540
545
550
555
560
565
570
575
580
585
592
599
606
614
622
630
638
646
654
662
670
678
686
694
702
710
718
726
734
742
750
758
766
774
782
790
798
806
814
822
830
838
846
854
862
870
878
886
894
902
909
916
923
930
937
944
951
957
963
969
975
981
987
993
999
1005
1010
1016
1022
1028
1033
1039
1045
1051
1056
1062
1068
1074
1079
1085
1091
1097
1102
1108
1114
1120
1125
1131
1137
1143
1148
1154
1160
1166
1171
1177
1183
1189
1195
1201
1207
1213
1220
1227
1234
1241
1248
1255
1262
1269
1276
1283
1290
1297
1304
1311
1318
1325
1335