357
367
377
385
393
400
407
414
421
428
435
442
449
456
463
470
477
484
491
498
505
512
517
522
527
532
537
542
547
552
557
562
567
572
577
582
587
594
601
608
616
624
632
640
648
656
664
672
680
688
696
704
712
720
728
736
744
752
760
768
776
784
792
800
808
816
824
832
840
848
856
864
872
880
888
896
904
911
918
925
932
939
946
953
959
965
971
977
983
989
995
1001
1007
1012
1018
1024
1030
1035
1041
1047
1053
1058
1064
1070
1076
1081
1087
1093
1099
1104
1110
1116
1122
1127
1133
1139
1145
1150
1156
1162
1168
1173
1179
1185
1191
1197
1203
1209
1215
1222
1229
1236
1243
1250
1257
1264
1271
1278
1285
1292
1299
1306
1313
1320
1327
1337