360
370
380
388
396
403
410
417
424
431
438
445
452
459
466
473
480
487
494
501
508
515
520
525
530
535
540
545
550
555
560
565
570
575
580
585
590
597
604
611
619
627
635
643
651
659
667
675
683
691
699
707
715
723
731
739
747
755
763
771
779
787
795
803
811
819
827
835
843
851
859
867
875
883
891
899
907
914
921
928
935
942
949
956
962
968
974
980
986
992
998
1004
1010
1015
1021
1027
1033
1038
1044
1050
1056
1061
1067
1073
1079
1084
1090
1096
1102
1107
1113
1119
1125
1130
1136
1142
1148
1153
1159
1165
1171
1176
1182
1188
1194
1200
1206
1212
1218
1225
1232
1239
1246
1253
1260
1267
1274
1281
1288
1295
1302
1309
1316
1323
1330
1340