360
372
384
396
408
420
432
444
456
466
476
486
496
506
516
525
535
544
554
563
573
582
592
601
611
620
630
639
649
658
668
677
687
696
706
715
725
734
744
753
763
772
782
791
801
810
820
829
839
848
858
867
877
886
896
905
915
924
934
943
953
962
972
981
991
1000
1010
1019
1029
1038
1048
1057
1067
1076
1086
1095
1105
1114
1124
1133
1143
1152
1162
1171
1181
1190
1200
1210
1220
1230
1240
1250
1260
1270
1280
1290
1305
1320