386
398
410
422
434
446
458
470
482
492
502
512
522
532
542
551
561
570
580
589
599
608
618
627
637
646
656
665
675
684
694
703
713
722
732
741
751
760
770
779
789
798
808
817
827
836
846
855
865
874
884
893
903
912
922
931
941
950
960
969
979
988
998
1007
1017
1026
1036
1045
1055
1064
1074
1083
1093
1102
1112
1121
1131
1140
1150
1159
1169
1178
1188
1197
1207
1216
1226
1236
1246
1256
1266
1276
1286
1296
1306
1316
1331
1346