388
400
412
424
436
448
460
472
484
494
504
514
524
534
544
553
563
572
582
591
601
610
620
629
639
648
658
667
677
686
696
705
715
724
734
743
753
762
772
781
791
800
810
819
829
838
848
857
867
876
886
895
905
914
924
933
943
952
962
971
981
990
1000
1009
1019
1028
1038
1047
1057
1066
1076
1085
1095
1104
1114
1123
1133
1142
1152
1161
1171
1180
1190
1199
1209
1218
1228
1238
1248
1258
1268
1278
1288
1298
1308
1318
1333
1348