390
402
414
426
438
450
462
474
486
496
506
516
526
536
546
555
565
574
584
593
603
612
622
631
641
650
660
669
679
688
698
707
717
726
736
745
755
764
774
783
793
802
812
821
831
840
850
859
869
878
888
897
907
916
926
935
945
954
964
973
983
992
1002
1011
1021
1030
1040
1049
1059
1068
1078
1087
1097
1106
1116
1125
1135
1144
1154
1163
1173
1182
1192
1201
1211
1220
1230
1240
1250
1260
1270
1280
1290
1300
1310
1320
1335
1350