395
407
419
431
443
455
467
479
491
501
511
521
531
541
551
560
570
579
589
598
608
617
627
636
646
655
665
674
684
693
703
712
722
731
741
750
760
769
779
788
798
807
817
826
836
845
855
864
874
883
893
902
912
921
931
940
950
959
969
978
988
997
1007
1016
1026
1035
1045
1054
1064
1073
1083
1092
1102
1111
1121
1130
1140
1149
1159
1168
1178
1187
1197
1206
1216
1225
1235
1245
1255
1265
1275
1285
1295
1305
1315
1325
1340
1355