402
414
426
438
450
462
474
486
498
508
518
528
538
548
558
567
577
586
596
605
615
624
634
643
653
662
672
681
691
700
710
719
729
738
748
757
767
776
786
795
805
814
824
833
843
852
862
871
881
890
900
909
919
928
938
947
957
966
976
985
995
1004
1014
1023
1033
1042
1052
1061
1071
1080
1090
1099
1109
1118
1128
1137
1147
1156
1166
1175
1185
1194
1204
1213
1223
1232
1242
1252
1262
1272
1282
1292
1302
1312
1322
1332
1347
1362