405
417
429
441
453
465
477
489
501
511
521
531
541
551
561
570
580
589
599
608
618
627
637
646
656
665
675
684
694
703
713
722
732
741
751
760
770
779
789
798
808
817
827
836
846
855
865
874
884
893
903
912
922
931
941
950
960
969
979
988
998
1007
1017
1026
1036
1045
1055
1064
1074
1083
1093
1102
1112
1121
1131
1140
1150
1159
1169
1178
1188
1197
1207
1216
1226
1235
1245
1255
1265
1275
1285
1295
1305
1315
1325
1335
1350
1365