362
374
386
398
410
422
434
446
458
468
478
488
498
508
518
527
537
546
556
565
575
584
594
603
613
622
632
641
651
660
670
679
689
698
708
717
727
736
746
755
765
774
784
793
803
812
822
831
841
850
860
869
879
888
898
907
917
926
936
945
955
964
974
983
993
1002
1012
1021
1031
1040
1050
1059
1069
1078
1088
1097
1107
1116
1126
1135
1145
1154
1164
1173
1183
1192
1202
1212
1222
1232
1242
1252
1262
1272
1282
1292
1307
1322