409
421
433
445
457
469
481
493
505
515
525
535
545
555
565
574
584
593
603
612
622
631
641
650
660
669
679
688
698
707
717
726
736
745
755
764
774
783
793
802
812
821
831
840
850
859
869
878
888
897
907
916
926
935
945
954
964
973
983
992
1002
1011
1021
1030
1040
1049
1059
1068
1078
1087
1097
1106
1116
1125
1135
1144
1154
1163
1173
1182
1192
1201
1211
1220
1230
1239
1249
1259
1269
1279
1289
1299
1309
1319
1329
1339
1354
1369