411
423
435
447
459
471
483
495
507
517
527
537
547
557
567
576
586
595
605
614
624
633
643
652
662
671
681
690
700
709
719
728
738
747
757
766
776
785
795
804
814
823
833
842
852
861
871
880
890
899
909
918
928
937
947
956
966
975
985
994
1004
1013
1023
1032
1042
1051
1061
1070
1080
1089
1099
1108
1118
1127
1137
1146
1156
1165
1175
1184
1194
1203
1213
1222
1232
1241
1251
1261
1271
1281
1291
1301
1311
1321
1331
1341
1356
1371