413
425
437
449
461
473
485
497
509
519
529
539
549
559
569
578
588
597
607
616
626
635
645
654
664
673
683
692
702
711
721
730
740
749
759
768
778
787
797
806
816
825
835
844
854
863
873
882
892
901
911
920
930
939
949
958
968
977
987
996
1006
1015
1025
1034
1044
1053
1063
1072
1082
1091
1101
1110
1120
1129
1139
1148
1158
1167
1177
1186
1196
1205
1215
1224
1234
1243
1253
1263
1273
1283
1293
1303
1313
1323
1333
1343
1358
1373