418
430
442
454
466
478
490
502
514
524
534
544
554
564
574
583
593
602
612
621
631
640
650
659
669
678
688
697
707
716
726
735
745
754
764
773
783
792
802
811
821
830
840
849
859
868
878
887
897
906
916
925
935
944
954
963
973
982
992
1001
1011
1020
1030
1039
1049
1058
1068
1077
1087
1096
1106
1115
1125
1134
1144
1153
1163
1172
1182
1191
1201
1210
1220
1229
1239
1248
1258
1268
1278
1288
1298
1308
1318
1328
1338
1348
1363
1378