368
380
392
404
416
428
440
452
464
474
484
494
504
514
524
533
543
552
562
571
581
590
600
609
619
628
638
647
657
666
676
685
695
704
714
723
733
742
752
761
771
780
790
799
809
818
828
837
847
856
866
875
885
894
904
913
923
932
942
951
961
970
980
989
999
1008
1018
1027
1037
1046
1056
1065
1075
1084
1094
1103
1113
1122
1132
1141
1151
1160
1170
1179
1189
1198
1208
1218
1228
1238
1248
1258
1268
1278
1288
1298
1313
1328