371
383
395
407
419
431
443
455
467
477
487
497
507
517
527
536
546
555
565
574
584
593
603
612
622
631
641
650
660
669
679
688
698
707
717
726
736
745
755
764
774
783
793
802
812
821
831
840
850
859
869
878
888
897
907
916
926
935
945
954
964
973
983
992
1002
1011
1021
1030
1040
1049
1059
1068
1078
1087
1097
1106
1116
1125
1135
1144
1154
1163
1173
1182
1192
1201
1211
1221
1231
1241
1251
1261
1271
1281
1291
1301
1316
1331